line
100 100 0 70 140 0
line
70 140 0 70 230 0
line
70 230 0 100 270 0
line
100 270 0 130 230 0
line
130 230 0 130 140 0
line
130 140 0 100 100 0
line
100 100 50 70 140 50
line
70 140 50 70 230 50
line
70 230 50 100 270 50
line
100 270 50 130 230 50
line
130 230 50 130 140 50
line
130 140 50 100 100 50
line
100 50 25 40 130 25
line
40 130 25 40 240 25
line
40 240 25 100 320 25
line
100 320 25 160 240 25
line
160 240 25 160 130 25
line
160 130 25 100 50 25
line
100 100 0 100 50 25
line
70 140 0 40 130 25
line
70 230 0 40 240 25
line
100 270 0 100 320 25
line
130 230 0 160 240 25
line
130 140 0 160 130 25
line
100 100 50 100 50 25
line
70 140 50 40 130 25
line
70 230 50 40 240 25
line
100 270 50 100 320 25
line
130 230 50 160 240 25
line
130 140 50 160 130 25
display
ident
rotate
y 30
apply
display
ident
rotate
x 30
apply
display
ident
move
100 100 0
apply
display
save
pic.png

